80
423 1 46
222 4 792
379 6 1111
261 3 1025
248 1 135
177 2 730
78 5 1210
398 6 138
108 2 512
362 2 354
590 5 651
551 6 1209
133 1 1175
179 6 397
61 3 305
35 6 1049
113 6 589
144 3 950
28 5 878
326 4 181
454 2 488
243 4 536
478 3 936
92 1 688
149 2 609
30 2 582
642 4 334
552 3 453
167 2 45
111 2 817
100 2 1166
106 6 1175
296 3 698
208 4 379
287 3 1088
330 2 377
474 4 11
41 3 885
179 1 23
598 5 1102
205 4 759
240 2 455
569 5 1095
8 3 176
471 5 18
152 1 503
421 6 163
523 4 537
511 1 698
163 1 622
242 6 763
327 1 1024
535 3 1041
619 3 541
348 4 731
245 1 563
434 1 600
325 4 131
628 4 949
460 4 363
307 6 768
547 2 351
58 5 492
422 1 965
194 4 197
454 3 499
339 4 1088
509 1 4
192 3 1013
296 6 139
189 2 231
310 3 689
200 4 241
254 1 788
160 1 479
526 4 82
484 4 773
384 2 1070
206 1 873
194 3 605
