100
231 1 541
310 1 634
165 1 201
2 1 199
51 1 286
2 1 441
537 1 395
22 9 29
148 1 242
599 1 18
120 1 125
251 1 54
207 1 41
169 1 605
61 9 511
155 1 676
179 1 501
68 1 231
146 1 468
236 1 380
2 9 238
129 1 146
324 1 1048
6 1 440
2 1 420
220 1 125
251 1 781
190 1 32
40 9 22
62 1 397
370 1 40
274 1 436
459 1 47
39 1 529
123 9 626
442 1 74
120 1 253
16 1 44
67 1 157
344 1 470
90 9 287
21 1 1703
160 1 322
137 1 350
151 1 6
41 1 181
119 9 287
131 1 80
96 1 147
288 1 55
262 1 148
50 1 156
109 1 133
66 1 19
428 9 480
25 1 83
381 1 264
263 1 645
389 1 138
33 1 114
737 1 20
150 1 611
248 1 232
236 9 138
41 1 237
14 1 935
554 1 657
99 1 167
45 1 804
276 1 66
125 1 54
17 9 43
29 1 233
180 1 225
139 1 80
71 1 314
178 1 34
77 9 192
118 1 166
80 1 899
295 1 142
98 1 223
13 1 73
266 9 14
6 1 536
195 1 29
4 1 366
391 1 588
312 1 105
557 1 828
210 1 776
30 1 215
27 1 2
20 1 244
124 9 121
25 1 228
182 1 149
236 1 172
210 1 460
97 1 125
