500
11 1 8
6 3 51
15 3 72
1 2 39
77 4 57
35 4 6
26 2 12
5 5 61
1 1 53
3 4 6
31 1 24
20 4 24
9 5 70
19 5 40
14 1 2
2 2 20
56 5 26
9 5 16
24 2 99
15 1 36
33 2 47
6 2 40
14 4 58
9 2 57
5 3 9
14 5 52
4 3 19
9 3 62
6 5 17
100 1 99
113 3 5
19 5 59
1 1 18
2 1 12
6 4 17
46 5 1
14 2 22
22 1 40
39 5 10
39 3 140
67 1 81
59 4 20
22 1 66
5 2 2
18 2 79
19 5 65
36 1 2
7 2 27
28 2 17
20 1 16
25 5 8
15 5 25
4 1 27
15 3 36
41 1 2
29 5 11
17 1 80
2 4 19
3 1 30
2 5 1
22 4 96
72 4 55
105 2 13
32 1 30
6 1 52
12 1 28
11 3 20
15 3 49
63 5 181
2 5 8
18 3 2
8 3 38
14 3 74
25 1 90
87 4 60
12 2 69
6 2 126
1 2 90
7 5 50
13 1 55
14 3 38
44 3 77
32 1 28
6 1 5
16 2 19
28 5 39
32 1 8
8 3 38
22 4 30
13 4 46
21 4 18
30 4 4
9 5 28
35 2 13
3 5 91
1 3 77
4 3 1
21 3 52
9 3 38
14 5 15
2 5 16
25 1 1
15 1 53
72 3 38
2 1 23
17 1 14
1 5 8
3 2 65
52 4 45
82 3 75
10 5 34
42 5 18
17 1 2
9 5 5
23 1 11
25 1 19
2 4 70
22 4 37
25 4 38
2 3 62
44 4 2
1 4 1
8 4 10
41 1 45
9 5 5
3 4 13
12 2 27
5 1 34
6 2 27
1 3 44
2 5 61
47 3 25
11 2 7
35 4 62
18 2 3
1 1 1
7 1 8
63 3 33
11 3 4
3 5 46
79 4 21
4 1 45
16 4 1
1 4 26
3 2 22
3 3 12
4 1 154
22 1 3
18 5 4
91 3 41
9 4 34
39 4 1
7 4 13
19 3 14
64 4 46
1 2 50
13 1 24
28 4 32
10 4 31
14 2 30
10 1 32
20 2 3
9 5 21
28 2 67
2 2 1
48 2 122
9 3 36
6 2 114
6 3 17
2 1 68
4 1 60
8 5 11
71 4 40
3 1 6
23 4 4
14 5 41
6 2 14
10 1 1
42 5 32
29 5 12
67 4 61
21 5 17
24 5 86
28 3 164
58 1 83
47 1 52
22 3 30
32 2 19
9 1 5
24 5 1
5 5 11
16 5 128
59 1 29
20 2 5
1 5 61
17 3 38
8 4 21
10 5 37
10 4 22
8 2 3
32 1 37
14 2 17
24 5 57
5 2 28
5 1 6
22 5 24
49 1 74
22 2 27
41 4 68
46 2 2
1 5 16
25 2 48
7 5 8
1 2 11
46 2 4
36 4 9
12 1 17
9 3 31
2 2 45
36 5 93
27 1 11
8 1 8
6 4 38
69 2 13
8 2 22
43 1 18
27 1 7
10 1 4
36 1 1
15 1 45
2 1 64
22 4 36
16 1 21
1 2 10
15 4 76
21 5 65
20 5 66
29 3 92
24 1 22
41 1 46
21 1 61
15 2 15
123 5 5
32 3 82
43 3 2
23 2 39
33 5 83
1 5 23
35 4 3
36 2 46
37 1 55
2 2 10
30 2 4
30 3 6
19 1 12
4 5 24
5 5 60
51 3 2
11 3 5
29 1 24
20 1 30
29 4 21
22 2 106
12 2 16
10 4 88
26 2 57
11 2 56
21 4 16
37 5 29
18 2 71
2 3 32
32 3 9
12 5 24
10 1 8
6 4 81
26 2 17
27 2 8
63 2 31
14 3 38
7 5 30
12 4 1
9 3 42
13 4 32
17 3 6
39 4 15
16 1 43
4 1 31
7 2 5
58 1 38
21 2 71
26 4 16
6 4 1
1 1 1
1 4 37
6 3 29
2 2 5
2 1 3
17 3 38
33 1 157
29 4 28
14 4 19
27 2 44
6 3 25
1 5 36
13 2 55
53 4 49
17 5 56
18 3 60
3 3 20
9 5 2
3 3 14
1 4 14
14 4 9
3 5 27
6 4 7
53 2 31
16 3 1
14 2 13
21 5 2
9 4 2
3 3 79
3 3 8
3 4 36
1 5 18
3 5 88
25 4 6
16 5 3
13 2 12
8 3 4
35 3 70
12 1 25
12 4 19
46 4 57
39 1 52
8 5 68
1 2 2
12 4 42
8 3 35
20 1 1
3 4 45
19 1 9
27 4 24
2 1 22
68 4 92
11 4 10
28 3 4
17 2 49
32 2 4
34 5 17
62 5 5
1 3 4
49 5 11
13 3 53
26 1 27
21 5 80
33 3 13
50 3 45
7 5 11
12 5 32
3 2 107
30 1 2
1 4 9
6 3 22
28 4 12
30 2 25
7 5 17
10 5 4
1 5 71
2 4 1
8 3 1
9 3 4
7 4 63
2 2 4
56 5 40
8 4 40
21 2 13
29 5 63
24 4 30
11 2 13
68 3 45
13 4 18
3 3 13
8 5 63
22 2 96
87 2 59
5 4 54
15 5 50
69 5 20
13 1 4
40 5 68
2 3 31
43 4 36
19 3 32
1 5 2
12 2 14
9 3 38
12 1 7
8 1 22
32 1 154
27 4 3
111 5 5
1 3 64
10 5 38
1 3 24
4 1 128
20 1 27
39 2 7
1 5 4
5 3 103
3 1 16
3 2 2
1 3 1
49 5 3
30 4 40
12 5 19
15 2 43
6 4 45
16 3 24
10 5 10
61 1 9
31 2 24
13 2 12
71 5 23
20 2 10
4 4 14
18 2 1
1 3 51
28 4 19
3 3 79
4 1 4
27 5 17
18 4 38
12 4 20
5 4 8
24 2 5
3 3 25
1 5 149
12 5 25
39 2 34
26 1 21
1 4 1
51 5 1
13 4 19
4 4 10
1 4 11
4 4 17
6 5 6
32 3 17
2 5 60
23 3 25
18 3 36
47 1 51
1 3 93
51 1 95
17 4 42
9 3 4
54 4 86
29 2 15
5 2 47
18 5 10
15 3 5
45 2 29
1 5 13
37 4 18
34 4 29
22 2 5
19 5 48
35 3 1
2 1 16
6 3 1
16 4 11
23 3 22
11 2 17
36 5 22
26 4 5
7 1 7
19 3 62
3 5 3
4 2 29
24 2 35
15 2 25
13 1 61
26 4 60
17 2 66
5 4 6
18 2 40
1 4 70
13 4 19
17 1 67
41 3 8
20 1 33
19 3 13
22 2 60
32 5 19
1 2 7
20 2 42
65 4 7
69 1 29
94 1 1
72 2 51
