500
1 4 13
13 2 7
14 1 25
13 2 27
19 4 38
15 4 59
54 1 42
44 4 114
5 3 43
10 4 14
7 2 57
1 3 2
13 4 1
23 1 156
38 3 128
10 2 59
12 3 7
11 4 8
73 1 45
6 1 5
14 1 33
45 4 8
15 4 32
9 4 96
2 1 25
6 1 1
38 3 45
88 4 22
9 4 16
2 3 59
5 2 7
47 1 21
4 2 14
63 4 27
13 4 8
11 1 12
2 4 18
1 1 2
25 1 3
48 1 59
41 4 18
5 1 5
35 3 44
8 1 38
4 2 9
6 1 1
10 1 10
13 1 28
8 2 128
11 4 9
4 4 21
14 2 10
34 1 17
10 1 3
9 3 1
6 4 66
4 1 102
3 1 51
14 4 22
16 3 5
25 4 49
20 1 47
51 2 26
66 1 21
8 2 42
14 4 25
23 4 57
28 3 14
18 3 4
3 2 11
30 3 17
4 3 24
1 1 128
48 4 3
5 4 49
22 3 49
28 1 53
1 4 6
17 1 15
25 3 33
2 3 38
21 4 1
47 1 32
16 1 55
8 4 17
12 3 31
12 2 2
2 2 115
14 3 3
7 1 1
20 2 37
26 4 1
27 4 78
11 1 27
4 2 16
12 2 23
18 2 25
18 1 69
12 4 29
22 2 19
34 1 31
10 2 48
17 2 43
15 1 21
1 3 12
14 1 11
14 1 1
6 1 10
12 2 63
1 3 6
13 1 14
13 1 33
31 3 69
57 2 79
8 3 22
14 2 23
20 3 14
9 1 7
21 3 26
34 4 9
27 3 13
13 2 49
1 2 24
44 1 17
19 4 39
6 1 9
3 4 21
56 2 17
11 3 29
26 2 151
33 1 53
43 1 31
4 4 6
4 3 8
53 2 30
18 3 15
5 2 1
8 1 1
54 4 120
4 2 110
7 2 7
22 4 39
3 2 13
16 1 5
2 1 17
2 1 7
33 3 54
5 3 57
52 1 48
8 1 16
1 3 5
7 1 4
6 1 14
1 4 3
34 1 18
13 1 29
10 4 94
9 4 77
10 2 18
8 3 60
43 1 25
90 1 7
14 3 30
69 3 43
32 3 7
1 3 82
6 2 44
26 4 6
15 4 32
16 1 44
10 3 8
29 4 32
18 2 62
4 1 8
3 4 6
26 3 4
17 1 25
60 3 28
9 3 28
11 4 47
19 4 30
42 4 11
65 4 4
17 3 23
12 2 12
1 1 58
7 3 100
53 1 15
41 3 7
52 1 26
7 4 32
65 3 106
8 4 4
38 3 12
11 1 58
1 3 18
32 3 108
10 4 3
103 3 1
47 3 2
19 2 63
18 3 4
1 1 24
35 1 18
6 2 3
5 2 49
5 2 27
18 4 31
36 3 15
41 4 139
39 1 2
56 4 55
3 3 11
42 4 88
67 2 24
22 2 2
5 3 16
6 1 4
8 4 70
24 3 24
67 1 34
22 3 4
7 4 16
5 4 8
5 4 46
6 3 25
2 4 12
29 4 3
35 3 55
14 4 27
11 4 38
3 4 2
50 3 11
2 3 26
2 4 1
14 1 33
73 4 18
16 4 11
10 2 13
24 1 41
1 3 29
11 2 20
76 3 7
3 3 7
8 1 61
9 1 3
6 4 21
13 3 46
42 1 27
1 1 48
37 4 32
19 3 25
1 4 25
55 1 52
22 4 18
5 1 17
8 2 14
44 3 28
15 4 7
5 4 17
38 1 16
41 4 26
19 1 77
1 2 23
2 1 8
5 4 47
1 1 58
5 2 26
105 2 4
2 4 74
11 1 79
58 2 51
20 1 14
9 4 16
37 2 5
32 4 14
16 2 20
7 2 10
7 2 51
50 3 24
3 2 21
27 2 5
18 2 63
12 1 48
19 4 28
16 2 35
9 2 16
27 1 1
1 1 13
35 4 71
9 4 54
19 1 48
3 1 11
13 1 67
19 1 17
12 2 90
30 3 54
22 2 42
4 3 36
38 4 31
22 3 62
7 1 45
1 2 8
3 1 70
8 1 18
29 3 136
21 1 197
2 3 36
15 3 4
21 3 96
18 2 63
11 4 15
12 4 61
1 2 4
2 3 16
29 2 36
14 3 50
20 1 15
6 3 75
18 3 83
1 3 116
7 4 15
2 1 18
22 4 12
20 1 70
19 2 12
54 3 21
26 2 16
10 4 15
21 3 56
45 2 99
3 3 76
75 1 21
13 1 61
93 3 32
56 4 21
12 2 43
14 3 1
17 1 2
46 1 23
6 4 27
36 1 3
52 1 41
15 1 31
17 1 54
35 4 17
1 2 13
1 1 13
33 2 22
30 1 14
11 4 38
1 2 82
1 2 97
25 3 6
24 1 28
24 3 67
9 4 16
53 1 8
10 4 8
45 1 32
12 1 2
19 4 8
43 1 2
17 1 50
8 1 13
34 2 11
1 1 10
37 3 16
7 1 73
51 1 52
2 2 133
5 2 13
1 4 28
5 4 73
17 2 17
46 3 18
10 4 46
2 1 3
18 4 19
36 1 13
16 4 32
13 3 122
1 1 101
13 2 4
3 2 4
2 4 44
11 4 21
23 1 22
6 3 7
14 2 16
51 2 1
5 1 64
66 3 47
9 2 31
3 1 59
2 4 51
29 3 27
8 4 42
2 3 32
23 3 2
74 3 10
35 1 11
6 3 19
1 1 14
1 3 14
71 3 50
81 1 27
10 3 25
49 4 11
9 3 17
9 2 51
20 2 47
8 1 6
32 4 11
1 1 4
14 4 4
76 4 32
18 2 10
42 4 38
20 3 83
7 1 24
10 4 6
73 1 12
2 3 34
1 1 4
13 1 1
8 3 10
14 4 65
3 3 47
2 3 95
124 4 10
4 2 68
9 1 3
19 4 46
19 3 72
11 2 4
25 4 11
6 3 37
22 2 13
18 3 13
21 3 21
48 1 41
8 2 30
13 2 22
4 4 3
6 4 36
15 1 35
4 3 32
13 1 4
5 4 8
11 1 4
8 2 24
18 3 6
11 1 86
40 4 16
61 4 113
66 1 121
59 4 127
15 1 30
48 2 42
36 1 75
38 2 108
4 3 66
31 1 1
8 3 71
27 1 13
62 3 39
13 4 26
77 3 73
15 4 21
5 2 15
10 1 1
3 2 13
47 2 68
2 3 18
2 3 48
1 4 5
73 3 116
1 2 12
12 1 8
22 2 19
1 4 5
22 1 5
1 1 15
1 3 36
1 3 26
17 4 69
21 2 41
6 3 120
1 4 1
1 4 27
7 4 27
18 2 20
28 3 3
20 3 29
39 1 13
9 2 6
11 2 1
19 1 18
6 2 9
